Generated_Images_20: 543.0503448162792
Generated_Images_20: 518.2161432038872
Generated_Images_20: 502.8545893227233
